43 26.31 1 0 0.068013036 0.808816447387195 -0.143995987905627 -0.263884020558783 13.8 10.4760054632554 -1.10232847309319 -0.55052417689737 0 2.24 0
42 22.98 1 1 0.021348214 -1.983760445433 -0.898689786477246 -0.819386127438385 1.5 7.92053731104505 -1.10232847309319 -0.0931719460583589 0 1 1
24 24.58 0 0.54 0.088482415 0.468624000513816 0.848337475569757 0.733104381791153 11.65 10.0725761047276 0.813722199134718 0.0183099825548571 6.70288131771767 1.03846153846154 0
21 23.14 1 0.46 0.042678486 -1.53402706662702 -0.898689786477246 1.92945853293878 11.45 10.1582944860256 -1.10232847309319 1.14281173280754 0 3.03333333333333 0
23 25.93 1 0.46 0.034306071 0.00131538179106233 -0.278781268976345 0.362295631314017 1.9 8.63737335167234 -0.50279570843294 -0.813234975530155 0 2.24 0
48 31.67 1 0 0.048633852 -0.365608774902147 -0.898689786477246 0.634663657374928 13.1 9.47439551379681 -1.10232847309319 -0.0897533875727634 0 2.1 0
45 22.64 0 1 0.096054073 -0.0429073141673689 -0.898689786477246 0.556951626460833 8.05 9.9537765928293 -1.10232847309319 -0.644267429503976 0 1.03846153846154 0
23 26.96 1 1 0.028065765 0.698096202339889 0.531786574659683 0.36688217584208 6.45 10.025008039656 0.189755290265631 0.437935424522797 7.57532820842265 1 1
28 25.96 1 1 0.049979464 -1.78444978378504 -0.898689786477246 -1.36706655068245 1.35 7.56449777764828 -0.805559253014116 -1.68732549719062 0 2.24 0
46 36.83 1 0.46 0.021866828 -2.95121680830136 -0.898689786477246 -0.904869868844352 0.45 3.16758253048065 -0.614246154401747 -1.71166378924583 0 1 1
29 20.62 0 0.54 0.041469031 0.00859749447044703 -0.898689786477246 0.638545837733303 3.95 9.86651231641123 0.74245750918835 -1.13684320946186 7.01143939025902 1 1
43 21.91 0 0.54 0.069780842 0.840041689163837 -0.898689786477246 0.782710228461187 11.4 10.2653403183889 -0.129469291844298 1.09563237398602 0 1.03846153846154 0
45 27.47 1 0.54 0.04527517 -0.292795599531766 -0.707371208368547 0.757967096219943 10.85 9.68880807963405 -0.359207118631033 0.151346494470152 0 2.24 0
24 20.55 1 0.46 0.104513963 -0.340373235988511 -0.569510805373462 -0.536954818275235 6.15 9.30344357273834 -0.441945515908376 0.751371532118273 0 3.03333333333333 0
31 30.93 1 0.46 0.05916983 0.392421724058472 0.393022994874891 0.337078185851128 10.85 10.155519778694 0.324948806053248 0.354011628237206 0 2.1 0
39 23.51 0 0 0.063227177 -1.61732592819908 -0.898689786477246 0.0655757293334866 5.2 8.90774768678865 -0.645608631877419 0.543854155331135 0 1.03846153846154 0
35 22.2 0 0.54 0.034040264 0.304866235334566 -0.898689786477246 0.145844888406075 14.35 10.1406523452126 0.750100884029954 0.970946281548935 6.67424568541875 1.03846153846154 0
32 31.79 0 0 0.066680578 1.034790160274 0.899082346272559 1.13469182423313 20.05 10.6889347049489 1.33650197723541 1.54063209542891 7.273959673137 1.63636363636364 0
41 22.91 1 1 0.023460162 0.828008524548545 1.89566041322526 0.77366475530168 12.85 10.4142056705236 0.872241206944947 1.33131587406345 7.71979598948249 3.03333333333333 0
41 23.37 1 1 0.066997092 0.0765113067580208 -0.898689786477246 -0.250861444439377 6.35 9.67751186952033 0.989692277984349 0.0227236966600856 8.69093639243532 3.03333333333333 0
23 23.18 0 0 0.103573095 0.95926397347801 -0.898689786477246 1.15815031179841 15.15 10.3480050904079 -0.940347294351122 1.55789076665645 0 1.03846153846154 0
50 21.91 1 1 0.052535842 0.109823456976303 0.477589076144828 0.340843461108269 7.7 9.76619194126451 0.520025378988738 0.931896408160467 6.25382881157547 3.03333333333333 0
25 34.2 1 1 0.013702058 -0.2247942448584 1.93432358039858 -1.24878830092795 2.65 8.62886872530683 -1.10232847309319 0.0198838783911199 0 2.1 0
32 26.88 0 0.46 0.046001913 0.437765273763304 -0.457295326527237 -0.426728280133188 11.25 10.1949437440324 -0.668473892732442 -0.23147562588031 0 1.23076923076923 0
36 25.62 1 1 0.090210298 0.556253577677263 -0.775975687085817 0.383105656541366 5.05 9.51443698569606 -0.171551891035176 0.720400964542502 5.9826760410749 2.24 0
29 23.96 1 0.46 0.049784575 -1.74904218976598 -0.898689786477246 -1.65467194371325 1.15 7.38523092306657 -1.10232847309319 -1.31836524417804 0 3.03333333333333 0
19 20.98 1 0.54 0.08511892 0.67958580639088 1.732901324323 0.366355837125323 12.2 10.2120286793626 -0.407449905788504 1.10711881900208 0 3.03333333333333 0
24 18.47 0 0.54 0.069360383 0.815414656286204 1.84980926573898 -0.132868334654931 6.3 10.0421075387797 0.88161802600809 0.189600115302206 8.24852912480022 1.03846153846154 0
26 26.87 1 0.54 0.045090527 -1.05366249254084 -0.898689786477246 -0.821870244810465 1.7 9.41589005488934 -0.348010765045592 -0.196990246804615 6.04025471127741 2.24 0
25 24.22 0 0.54 0.033956046 -0.681588981160039 -0.898689786477246 -0.391140737189387 1.6 8.86753311139709 -0.942431020196674 -1.32548610498529 0 1.03846153846154 0
22 24.3 1 0 0.102628784 0.249656977464139 0.406492548453789 -0.752068633588841 16.15 9.78432387673461 0.244320053495297 1.36308977574057 0 3.03333333333333 0
47 30.93 1 0.46 0.075728206 0.428456139012867 0.124004634883558 0.270987236584428 3.35 9.72494385065344 0.773702412875064 -1.32047463780543 5.81934081529047 2.1 0
49 36.42 1 0.54 0.047541854 0.0169867215170991 -0.309751128146549 -0.860573541373956 5.35 9.660029680533 -0.234145911424558 -0.138190633046062 0 2.1 0
29 23.77 1 0.54 0.048494507 -0.856697647369541 -0.898689786477246 -0.937670421385321 3.25 8.5082028995781 0.283022856517895 0.238841188657324 6.45912167547259 3.03333333333333 0
22 21.08 1 0 0.082756173 0.916431818621716 0.0411142647790043 0.797328521985851 4 9.86232695903104 1.5023791989311 -0.126309678283418 9.15641202995063 3.03333333333333 0
27 33.57 0 0.46 0.045353699 -0.568025787177859 -0.898689786477246 -0.412026816624144 3.75 9.1586259362895 0.500177005285361 0.569823061716655 0 1.63636363636364 0
28 23.18 0 0.46 0.079795527 -0.863230607706423 -0.898689786477246 1.38164683705121 15 10.2389414136461 2.31249299420488 0.655576322067019 10.183058695149 1.03846153846154 0
34 27.76 1 0.54 0.065805408 0.831135477519597 -0.281275101483803 1.01451505552972 12.6 9.93578531883529 -0.724707500700341 0.833375502517047 0 2.24 0
47 24.1 1 1 0.019882594 -1.50758486702461 -0.898689786477246 -0.896420378393789 1 7.34083555412327 -1.10232847309319 -1.03159898491699 0 1 1
37 29.43 1 0.54 0.045740221 0.275110512127647 -0.706073358389748 0.069470199675167 3.7 9.73384033588323 -0.841369025743934 0.571603135076371 0 1 1
40 24.07 1 0.46 0.08310602 -0.160927499818919 -0.898689786477246 0.423660979564208 6.15 9.6059066479051 -0.34624072159208 0.0524815078366255 0 3.03333333333333 0
30 28.34 1 0 0.07491977 0.530592330608587 0.647062057270398 -0.240883789820477 13.1 10.0488965636409 0.337520297303736 1.23789726189887 5.76362247501222 2.24 0
36 15.84 1 0.46 0.079113435 0.41219199600016 -0.16054769407707 -1.01079092651621 9.95 9.54741956721788 -0.330674996706849 -1.64814451519671 0 3.03333333333333 0
29 27.47 1 1 0.058881607 -0.83871421268785 -0.23223142215532 -1.02023802086213 2.95 8.19994498336269 -0.270925279751798 0.0785698709296989 0 2.24 0
23 21.55 0 0 0.020426318 -0.104485875003736 -0.24772524313679 -0.644959599190501 2.85 8.27817429094374 -0.265185067752305 -1.16511719300357 5.68866883684615 1.03846153846154 0
35 27.41 0 0 0.071512415 -1.51224359783186 -0.898689786477246 -1.45026909587083 1.75 7.17395831975679 -0.7865234863864 -0.922166680339994 0 1.23076923076923 0
40 27.67 1 0.46 0.070971709 0.352093175700666 -0.244254935642556 0.41806150577294 9.5 9.88574355480729 1.21814885693267 -0.266918593732709 7.54750168281497 2.24 0
27 28.67 1 0.54 0.042010502 0.181892404166779 -0.145246575578987 0.530471910288159 7.65 9.15300253027531 0.0269292238057987 -0.486348835218315 6.28692876000182 2.24 0
43 33.2 1 0 0.076160927 0.0830523410586984 0.212665153822578 -0.66698379082569 7.6 8.70267641154777 -0.963863981299679 -0.2764185272616 0 2.1 0
25 31.26 1 1 0.030563971 0.375616278129326 0.320149124017028 -0.394731450389459 12.15 10.0508401778624 0.656427316623691 0.342332888126691 7.39203156751459 2.1 0
27 21.52 1 1 0.060120757 -0.269293478776843 -0.325011096058986 -0.754107182914482 3.6 9.32031522518476 -0.460252124494893 -0.574640008927538 7.2086003379602 3.03333333333333 0
41 28.41 1 0 0.045423733 -0.502707513999331 1.14156746616524 -0.433047396002281 1.95 7.83002808253384 -1.10232847309319 -0.944248716267298 0 2.24 0
35 30.08 0 0.54 0.03732744 -0.178802129153658 -0.0757335271930911 -0.716947252623685 1.75 9.2844501298426 -1.10232847309319 -0.139736965796105 0 1.63636363636364 0
45 30.9 1 0 0.051398299 0.75386349346884 1.96089820815183 1.13169637225911 14.9 10.3566231505934 0.178911847183418 1.13866311569127 0 2.1 0
24 26.3 0 0.46 0.015458342 -0.902199600414523 -0.898689786477246 0.0585708179908205 0.9 7.38523092306657 -1.10232847309319 -1.79905685234112 0 1.23076923076923 0
44 25.01 1 0 0.063741777 0.415945174435426 0.0715722198231384 -0.394853513096154 15.05 10.0239226239903 0.635975969330003 1.16925827491014 7.00601564814966 2.24 0
33 24.91 0 1 0.05954949 0.027067170977574 -0.271118508748611 0.879652339511795 11.85 10.0322215183892 -0.198948326203723 1.05588023684632 0 1.03846153846154 0
28 18.42 1 0 0.061102815 -0.208960229635595 -0.0361343577601013 -0.504552771792912 6.85 8.93833477890941 -0.517986968125601 0.349208020619595 0 3.03333333333333 0
40 24.9 1 1 0.049703784 0.215443503863119 0.54487182631661 0.00662501947669436 4.2 9.74771055096429 1.6731383918255 -0.395055045297983 7.67763199240076 3.03333333333333 0
41 38.53 0 0 0.077661029 0.826812721043305 1.50543783449165 0.638106727550468 20.4 10.5886088617822 1.64866140020849 1.33545863475641 8.1371033896393 1.63636363636364 0
28 30.06 0 0 0.067642747 0.595586928591826 1.20568904873947 -0.134813544444452 11.05 10.1110909791686 -1.10232847309319 0.68553045666588 0 1.63636363636364 0
31 21.67 0 1 0.029397628 -1.33988240509005 -0.898689786477246 0.913531409812482 3.5 9.67207553648869 0.136541958375451 -0.727533703501947 0 1.03846153846154 0
39 35.22 0 0.46 0.067167109 0.362997522552138 -0.898689786477246 0.251453330258084 13.9 10.3807615633907 -0.0690773016371412 0.695931324974603 0 1.63636363636364 0
50 31.65 1 0.46 0.033912304 -0.908998183654643 -0.453559523117037 -0.597318671894926 1.45 8.01730750768858 -0.702556524120193 -1.04843054822534 0 2.1 0
22 21.71 0 0.46 0.097639745 0.95111072238117 0.844543533536008 0.942708678738491 12.3 10.129806058344 -0.606656877858802 0.932794447281224 0 1.03846153846154 0
27 23.41 1 1 0.0887146 0.417532591528046 -0.103248817969381 -0.213694243654125 8.9 9.59560277276683 0.52572593984601 -1.1953637663244 5.62762111369064 3.03333333333333 0
33 31.88 1 0 0.064049218 0.0119443269826093 -0.550636818078327 0.566369925128717 3.9 9.09700368663718 -0.215462583527686 -0.351376413325722 0 2.1 0
22 26.54 0 0 0.099420281 0.944210570683049 0.810955899631496 -0.190705676025078 13.5 10.2501134232468 -0.142401524475259 -0.463872819674025 6.67582322163485 1.23076923076923 0
21 26.51 0 0.46 0.06592631 0.814659124581914 0.481622374255628 1.03615156835941 12 10.4260613949365 0.435788285849835 -0.246084814820502 6.69053167017892 1.23076923076923 0
32 35.75 1 0 0.053088903 0.804985633631953 0.192350583476884 0.411753669822828 10.95 10.0043278674622 0.151768619976661 0.4439686768405 0 2.1 0
32 26.79 0 0 0.051469286 0.394624925390743 1.14317183016444 0.63366389713532 8.3 9.44371144344583 -0.251544060496434 0.650896850051116 0 1.23076923076923 0
26 23.72 0 0 0.062512406 -0.0621040363995619 -0.138199381442378 -0.352013356237574 6.65 9.4296164542639 -1.10232847309319 0.220479777639983 0 1.03846153846154 0
49 36.93 1 0.46 0.056313359 0.268909773609283 -0.664428457216069 0.464217826955798 9.1 10.1935792195817 0.56660547336867 0.771331578197618 6.41550604078908 2.1 0
29 21.15 1 0.54 0.048695298 0.994041048575119 1.38766567361228 1.01170045194266 13.05 10.4096950290566 -0.573995879792493 0.995960389676993 0 3.03333333333333 0
25 30.25 0 0.46 0.012514966 -0.861215054076562 -0.898689786477246 -0.568885641208446 1.5 8.19533366716287 -0.592507632445929 -0.828146133952935 0 1.63636363636364 0
26 30.27 1 0.54 0.07482119 0.0253165575872928 0.495004793565703 0.324318921615524 7.75 9.32424924608397 1.08755334793459 0.106285956264704 7.38600608532982 2.1 0
40 34.26 1 0.54 0.072777143 0.84462731827861 1.03678846513623 1.00841282927558 11.8 10.1342222182962 -0.0269550033489749 0.786212978170477 6.18723687901558 2.1 0
26 22.95 1 0.46 0.06016335 0.700960481330205 1.99528906665208 -0.129107207439834 8.8 9.65816229616317 0.0459684423296986 0.056968852875993 5.96678752864602 1 1
30 22.34 1 0.46 0.047451088 0.465179853070542 -0.433388119352686 0.557866284411794 12.15 10.3150589790761 -0.356223383891986 0.949424831600982 6.62472900346801 3.03333333333333 0
41 23.04 1 1 0.058658605 0.0219919631577441 0.905492533746036 0.789561892510242 8.75 10.1199085580895 0.0824040320225027 0.419720834099548 0 3.03333333333333 0
30 25.23 1 0.46 0.078967483 0.171729376240749 -0.510237997051966 -0.183153099721865 3.95 8.96552619975158 -0.594873516420583 -1.04493806774282 0 2.24 0
30 21.39 1 1 0.032863656 -0.537385190951788 -0.898689786477246 -1.15212800009753 6.95 8.37216741936598 -0.23617073810181 -0.246583701862104 7.14025496484787 1 1
19 18.91 0 0.54 0.034130009 0.807654656014956 -0.475888976665055 0.98396369319023 14.1 10.6081803254961 1.17323706100513 -0.561822934386012 7.73313615739985 1 1
23 21.97 1 0.46 0.044270519 -0.0039897621908434 0.648422376507888 0.0494109569040724 1.35 8.95267007359237 0.167439323108372 -0.867826608090156 7.75482456281914 3.03333333333333 0
25 24.28 1 0 0.046333214 0.777972954002306 1.04582651191699 0.775732175299571 6.65 9.94660690610507 -1.10232847309319 0.403059413188775 0 3.03333333333333 0
19 25.5 0 0.54 0.04595966 0.691229008555691 -0.898689786477246 -0.00426015933755348 5.95 10.25109400169 -0.300215068924653 -0.48212309933513 6.44928486815189 1.23076923076923 0
30 22.28 0 0 0.013289031 0.841240459104192 1.19406605832433 1.29342406685239 11.9 10.4165282212777 1.24214855025271 0.860903078986171 8.56503048384279 1.03846153846154 0
21 22.31 1 0.54 0.057123231 0.205441062751657 0.357719772239988 -0.953134190086476 12.75 10.1060201499462 0.457963798552525 0.87339642646784 6.41460584186655 3.03333333333333 0
18 22.49 0 1 0.03843494 0.0702801723883786 -0.898689786477246 1.41675727718768 6.2 10.1004205898303 -1.10232847309319 0.927334944606566 0 1.03846153846154 0
19 24.9 0 0.46 0.027997313 0.978951942135843 -0.481712713785811 1.039378334192 9.2 10.3171274888323 1.37865474981828 0.40537749773975 7.69700780039478 1.03846153846154 0
20 38.09 1 0.46 0.034474388 0.892187228824063 1.78182998074204 0.198323278611265 14.55 10.3231760272805 0.684443822732741 0.998616647369778 6.60901224366706 2.1 0
21 28.07 0 0.46 0.012658418 -0.0113998489408245 -0.898689786477246 -0.250783917473267 5.8 9.90970567984936 -1.10232847309319 -0.225043624498484 0 1 1
18 24.49 0 0 0.037564711 0.815973902132924 0.336870034152121 0.560175736093115 8.8 10.3550168906065 -0.0851481390290887 -0.424594534513696 7.76715816981999 1.03846153846154 0
24 31.57 0 0 0.045456105 0.710669347285495 -0.740838592158784 0.998445209321858 11.55 10.1790432720651 0.803825972591078 -1.79959759610441 6.65511853411159 1.63636363636364 0
20 21.78 0 0 0.043572049 1.21811736291663 0.673914910450184 1.44191872554813 15.1 10.7898962299284 0.397010098114894 0.987580999620447 6.25766758788264 1.03846153846154 0
45 20.24 1 0 0.049626488 -0.706204422454965 0.281762648472054 -0.759720449823035 1.6 8.22443157322116 -0.931007886536497 0.343126347499506 0 3.03333333333333 0
40 25.28 0 0.54 0.059905638 0.176999038065946 -0.747138709787019 -1.06115161520881 4.8 9.7426730520266 0.533707581342604 1.08501527749892 5.72276777456728 1.23076923076923 0
20 33.81 0 0 0.032633478 0.0205135347121608 0.722366690883049 -0.0105937601776571 4.4 9.66327731532248 1.41911222696155 -0.307481433635655 8.28639542116517 1.63636363636364 0
26 26.32 0 0 0.026478827 0.0282691120941855 0.540308894604421 0.0400986935883187 2.65 9.33167265714371 0.39311496365628 -0.812915548594199 6.465755846146 1 1
23 27.94 0 0.46 0.047662806 0.799111575136772 2.14361855459736 0.991249040124783 13.7 10.4020786386338 0.628294649119706 1.19580868056989 7.0143650140404 1.23076923076923 0
26 23.26 0 1 0.057530417 1.00347490205067 1.47414343298857 -0.0511634269082044 9.4 10.0313969211582 0.406570239588981 0.0569789030792714 6.83786915151797 1 1
34 25.44 1 0.46 0.090001344 1.14543654731425 2.10182847003347 0.781340701246352 9.7 10.2985908284694 -0.0382964501209651 0.384684313801718 6.27334859344479 2.24 0
41 29.56 1 0 0.070144915 0.00443819118869189 0.623952327757915 -0.234749453837461 2.75 8.90510514027681 2.1318715548468 -0.999455615024322 10.1372643697671 2.24 0
37 33.25 1 1 0.020479898 0.744253423807846 0.680686963884215 0.858714341867696 7.9 10.2443074671508 0.98162554172757 -0.647140212473911 6.5694814204143 2.1 0
33 21.88 0 1 0.068797891 -0.59170863680793 -0.898689786477246 0.418673143490304 11.95 10.4156223190007 -0.155837341420927 1.14403227836068 7.29726036751157 1.03846153846154 0
45 18.94 0 0.46 0.073379022 0.431679408776137 -0.898689786477246 -0.70616334152618 16.05 9.6168382798963 0.93650744656682 0.0247917477177356 7.35516175487847 1.03846153846154 0
28 30.56 1 1 0.049971029 -0.626952303938331 -0.898689786477246 -1.09355665168263 3.7 8.51919119407891 -1.0431716745481 -0.424348551272721 0 2.1 0
41 27.1 1 0.46 0.100120374 0.443538857084055 0.678672229654908 -0.382776054721572 3.6 9.2487193848453 0.487270667245379 0.0488945880683007 0 2.24 0
28 23.08 0 1 0.023211862 0.518807809764027 -0.235217379072966 0.700983324457714 13.4 9.9967160216289 1.46286885024077 -0.105370181061538 8.63020932788494 1 1
38 20.83 1 0 0.027177321 -0.259542535670048 -0.225997687767572 -0.83914061504413 12.35 9.64303146633794 0.52043317669225 0.792533708761384 5.70627935485479 3.03333333333333 0
49 25.62 1 1 0.032229745 -0.675522441288362 -0.26063049471485 -0.47686026635181 2.25 8.27135658955435 -0.4289070641934 -0.0165340702951734 0 2.24 0
29 26.78 0 0.54 0.061333673 0.349222248121175 -0.262934635000663 0.146092673556986 6.45 10.3007020511127 -0.802242029533393 -0.0787777628086527 0 1.23076923076923 0
20 25.61 0 1 0.049981063 0.685289755001423 0.380663018650214 0.648039055404466 3.15 10.162480756744 0.159639488024048 0.12954006979636 7.79944589398806 1.23076923076923 0
25 29.8 1 0.46 0.053281037 0.192300780467422 0.089830721134419 -0.452962926504716 7 9.47380018995187 -0.0620707630456297 -0.279615536028507 6.27523272023863 1 1
32 30.04 1 0.46 0.039862976 -0.55109050657675 -0.382256000009706 -0.138029340453163 1.8 8.74635857504894 -1.10232847309319 -1.27600651214137 0 1 1
27 22.28 1 0 0.051683512 -0.0374665681189396 -0.898689786477246 -0.507882162733232 5.55 9.3855324073572 -0.572796182776476 0.361542593428511 0 3.03333333333333 0
49 20.9 1 1 0.053561327 -0.0209300221217935 0.452059423006059 -0.384951087168656 1.45 9.13145948912273 1.23306768532461 -1.87959408547295 8.26339711496359 3.03333333333333 0
25 25.03 1 0 0.022857636 -3.28935105596157 -0.242997416068836 -1.39759868790233 0.45 0 0.294919809804817 -2.20634647422837 0 1 1
27 20.83 0 0 0.028933206 0.125355956077185 -0.898689786477246 0.0943636656522203 11.3 9.39355736108427 0.228536909178907 -0.386386186460653 7.27983594307072 1.03846153846154 0
50 22.63 0 0.46 0.086231318 0.134421101155317 0.540848578356661 1.56514453101285 17.6 10.4235305653517 0.614067706553003 1.29400109874493 7.51969240411654 1.03846153846154 0
32 38.76 0 0.54 0.091146548 1.32813608959182 0.350986354625961 1.8835632045981 15.7 10.7274546404647 -0.588353527567418 1.32055510661499 0 1.63636363636364 0
49 26.6 1 1 0.07480909 -0.247510081772977 -0.898689786477246 -0.383755311506999 11.85 9.98307246312888 -1.10232847309319 1.23956334961531 0 2.24 0
27 37.1 0 0 0.058879966 0.320043117358463 0.298554298228818 -0.978272329612096 2.8 9.67949989506453 -0.586145048732104 -1.5212299491421 0 1.63636363636364 0
39 22.86 1 0 0.06388625 0.817029794153528 1.0743315956854 -1.21201954696804 16.95 10.1845225822661 1.12210878231384 0.581196101993158 0 3.03333333333333 0
50 23.72 0 1 0.038162211 -1.46202477891488 -0.0713095438596438 -1.80511037172883 1.95 8.35332040469074 -1.10232847309319 -1.28797670551353 0 1.03846153846154 0
45 23.18 0 0 0.060356854 0.152317847927911 -0.898689786477246 -0.604004962960243 12.55 10.0868918562813 0.173935724204286 0.171826599186803 7.34762181380763 1 1
23 26.81 1 1 0.043442466 -1.04465222253695 -0.898689786477246 -0.814359308461653 7.6 10.1036387949241 1.85354472515591 -0.977959765580412 10.2300717777908 1 1
37 33.83 1 1 0.023291607 0.114517464127749 -0.898689786477246 -0.505934836185185 9.7 9.30439976987885 -1.10232847309319 0.872175236265928 0 2.1 0
43 36.09 1 0 0.064579439 0.670479083521168 -0.210965937266014 -0.453843470380379 4.5 9.76928450583106 -0.255485154592188 -0.309393295837381 6.13826686516547 2.1 0
32 24.24 1 0.46 0.054329838 -0.659414230223657 0.181350642667757 -1.23656086571339 8.35 9.4247862075872 -0.394701034690295 0.532752396041488 0 3.03333333333333 0
27 20.24 1 1 0.067727406 0.00657561070297891 1.76048697258029 0.547608454063897 15.3 10.2162524053554 -0.35372293301994 1.0901845547563 0 3.03333333333333 0
34 24.3 1 0.54 0.044539337 -0.697031018771553 -0.898689786477246 -0.250918009006874 1.7 8.83673723701676 -1.10232847309319 -2.20634647422837 0 1 1
39 25.06 1 0 0.043315825 -0.514909175013283 1.29969076160533 -0.0097465024287115 3.5 9.00346994226082 -0.625694469731274 0.213078294789107 0 2.24 0
42 32.51 0 0 0.031098767 -0.263384809099767 0.981677415319522 -0.206245661073614 2.75 8.79216989137046 -1.10232847309319 -0.788085871724188 0 1 1
34 20.72 1 1 0.022753163 -0.408984031596117 -0.898689786477246 -1.14962395999355 8.2 9.1289404937632 0.160341580756971 0.677750399680695 0 1 1
21 22.39 0 1 0.05780216 0.718650226539753 0.825688013336506 0.232737608165454 4.95 10.0821043384669 0.474722178862076 -0.191805768135076 5.61130162186204 1 1
44 27.16 1 0 0.069558852 -1.78209617238686 -0.898689786477246 -0.323799630560452 3.05 9.44961314522026 -0.485508837430465 -1.23524928096414 6.35654159431086 2.24 0
43 29.04 0 0 0.009477168 0.142614662261102 0.496439623410459 0.0122495050672167 10.85 9.41430110387362 0.740823178602598 -0.0930200561530505 7.43470028462801 1.23076923076923 0
30 32.41 1 0.46 0.045159328 -0.0887487573867005 -0.0776389997818681 0.0621519344296286 7.65 9.56817214652828 -0.266066821062999 0.677209294441634 6.45716204325622 2.1 0
33 23.59 0 0.54 0.081194192 0.489939458278187 0.834942810580315 0.305420517321769 8.05 9.98117749462607 -0.167636677994396 0.397928509983711 6.33105691106544 1.03846153846154 0
23 25.08 1 0 0.04667727 -1.68198441544693 -0.898689786477246 -0.656980493343277 2.5 8.20309869501262 -0.503156028990059 -0.414520189174875 7.48717369421374 2.24 0
33 34.6 1 1 0.043608912 0.122154832770445 -0.191990000729783 0.247351994209836 3.15 8.88530251298063 1.62834786417847 -0.545769038567795 9.02202086337859 1 1
27 23.18 0 0 0.032231624 -0.115689699880994 -0.364061249856437 -0.51023816967734 9.1 9.57753231786285 -0.661017763120976 1.04005100633839 0 1.03846153846154 0
50 24.38 1 1 0.038103835 0.51260007206741 1.41971178192964 0.944467409741936 12.1 10.0201366121513 0.946676947805214 0.635340918876754 6.43655092915988 3.03333333333333 0
28 26.31 1 1 0.013266029 -0.127991581941305 -0.371465735397721 -0.496260517168177 3.35 9.35164460267391 -0.408119378817325 -0.315195483259568 0 1 1
28 27.16 0 0 0.036128971 -0.834910018223697 -0.898689786477246 -0.759784208040299 1.3 7.97022212101389 -0.437551546009902 -1.14147124960035 6.13122648948314 1.23076923076923 0
34 27.47 1 0 0.047631922 -0.829831671556208 -0.898689786477246 -1.37229277713017 6.8 8.87213663717682 1.38753576761581 -1.33227622074267 5.96422181071411 2.24 0
50 25.62 1 0 0.028328146 -1.37871738567637 -0.632568167730576 -1.24467844839825 4.7 9.33699504909869 0.490475401855075 -0.0956745972029603 7.00056232856834 2.24 0
50 25.47 1 0 0.031927738 1.0814010502992 0.928210917740382 1.31498836619148 16.9 10.7829483111596 1.55185872937242 0.714564572996819 9.06438931649188 2.24 0
21 25.28 0 0 0.034871412 -0.275193575096948 -0.898689786477246 0.558780536506919 2.3 9.742629008541 -0.0215071443347753 -0.653830949975839 6.79766135618506 1 1
